T A B L Ε 2 ⁵ 2 ³*
Au moyen de laquelle on trouve de combien de maniere's dfflremes on peut pargaggr

llll 'wnibrc entier quclcofzque etz wz nombre donne' de parties inggales, ou de
parties soit e'gales, sbic indgales ‚ G dont l'ufizge est explique‘, page 247,

Ι. 11. 111.

Ἀ “ uxi-vav bsm ⁸⁸2

23 192
24 200
24 208
25 217
25 225
26 254
2⁶ Ζ43
27 252
27 ' 261
28 271
28 280
*29 290
29 300
30 310
30 320
31 331
3¹ 341
32 35²-
32 363
33 374
33 385
34 397
34 408
35 420
35 432

IV.

1154
1215

1285
¹350
1425
1495
Ι575
1650
1735
1815
1906
1991
2087
2178
2280
2376
2484
2586
2700
2808

ΧΠ

4932
5260

5608
5969
6551
6747
7166
7599
8056
8529
9017
9542
10083
10642
11229
11855

Vl.

ᾺΝΜἎ

11
14
20
26

35
44
58
71
90
110
136
165
199
2-35
282
331
39¹
454
532
612
709
811
931
1057
1206

1560
1540
1729
1945
2172
2442
2702
3009
333Ι
3692
4007
4494
4935
5427
5942
6510
7104
7760
8442
9¹92
9975
10829
11720
12692
13702
14800
15944
17180
18467
19853
21301
22856
24473
26207
28009
Ζ994ι
31943

34034
56508

VIL

300
364
456
522
618
733
860
1009
1175
1367
1579
1824
2093
2400
2758
5120

3539
4011

4526
5102

5731
6430
7190
8055
8946
9953
11044
12241
13534
14950
Ι6471
18158
19928
21875
25961
26226
28652
31175
54082
57108
40340
45819
47517
51508
55748
60289
65117
70281
75762
81612
87816

Ευιιλ, [sumaim-‘lion ὰ l’Anal. infin. Tome 1.

57111.

Ι517

1801
’ 2104
2462
Ζ857
33¹9
3828
4417
5066
5812
6650
7564
8588
9749
11018
12450
14012
15765
Ι7674
19805
22122
Ζ4699
Ζ7493
50588
33940
37658
41645

46051,

50774
55974
61565
67696
74280
81457
89162
97539
106522
116265
126692
Ι37977
150042
165069
176978

IX.

125

157
201

252

393

305729

X.

ἈΝΜᾺΙΧ

11
15
22
50
42
55
75

97
128

164
212
267
340
413
530
653
807
934
1204
1455
1761
2112
²534
3015
3590
4242
5013
5888
6912
8070
9418
10956
12690
14665
16928
19466
22567
25608
29292
33401
58047
43114
49037

55494
62740

70760

79725
89623

’100654

112804
126299
141136
157564
175586
195491
217280
241279
Ζ67507
296520
347748
562198
399“05
440725
4⁸5315

370733
413112
459718
511045
567477
629261

⁶9⁷09z

